,FID,Id,lat,lon
0,0,0,31.45,115.25
1,1,0,31.45,115.35
2,2,0,31.55,114.75
3,3,0,31.55,114.85
4,4,0,31.55,114.95
5,5,0,31.55,115.05
6,6,0,31.55,115.25
7,7,0,31.55,115.35
8,8,0,31.65,114.65
9,9,0,31.65,114.75
10,10,0,31.65,114.85
11,11,0,31.65,114.95
12,12,0,31.65,115.05
13,13,0,31.65,115.15
14,14,0,31.65,115.25
15,15,0,31.65,115.35
16,16,0,31.65,115.45
17,17,0,31.75,114.45
18,18,0,31.75,114.65
19,19,0,31.75,114.75
20,20,0,31.75,114.85
21,21,0,31.75,114.95
22,22,0,31.75,115.05
23,23,0,31.75,115.15
24,24,0,31.75,115.25
25,25,0,31.75,115.35
26,26,0,31.75,115.45
27,27,0,31.75,115.55
28,28,0,31.85,113.85
29,29,0,31.85,114.05
30,30,0,31.85,114.15
31,31,0,31.85,114.25
32,32,0,31.85,114.35
33,33,0,31.85,114.45
34,34,0,31.85,114.55
35,35,0,31.85,114.65
36,36,0,31.85,114.75
37,37,0,31.85,114.85
38,38,0,31.85,114.95
39,39,0,31.85,115.05
40,40,0,31.85,115.15
41,41,0,31.85,115.25
42,42,0,31.85,115.35
43,43,0,31.85,115.45
44,44,0,31.85,115.55
45,45,0,31.85,115.65
46,46,0,31.85,115.75
47,47,0,31.85,115.85
48,48,0,31.95,113.85
49,49,0,31.95,113.95
50,50,0,31.95,114.05
51,51,0,31.95,114.15
52,52,0,31.95,114.25
53,53,0,31.95,114.35
54,54,0,31.95,114.45
55,55,0,31.95,114.55
56,56,0,31.95,114.65
57,57,0,31.95,114.75
58,58,0,31.95,114.85
59,59,0,31.95,114.95
60,60,0,31.95,115.05
61,61,0,31.95,115.15
62,62,0,31.95,115.25
63,63,0,31.95,115.35
64,64,0,31.95,115.45
65,65,0,31.95,115.55
66,66,0,31.95,115.65
67,67,0,31.95,115.75
68,68,0,31.95,115.85
69,69,0,32.05,113.85
70,70,0,32.05,113.95
71,71,0,32.05,114.05
72,72,0,32.05,114.15
73,73,0,32.05,114.25
74,74,0,32.05,114.35
75,75,0,32.05,114.45
76,76,0,32.05,114.55
77,77,0,32.05,114.65
78,78,0,32.05,114.75
79,79,0,32.05,114.85
80,80,0,32.05,114.95
81,81,0,32.05,115.05
82,82,0,32.05,115.15
83,83,0,32.05,115.25
84,84,0,32.05,115.35
85,85,0,32.05,115.45
86,86,0,32.05,115.55
87,87,0,32.05,115.65
88,88,0,32.05,115.75
89,89,0,32.05,115.85
90,90,0,32.15,113.85
91,91,0,32.15,113.95
92,92,0,32.15,114.05
93,93,0,32.15,114.15
94,94,0,32.15,114.25
95,95,0,32.15,114.35
96,96,0,32.15,114.45
97,97,0,32.15,114.55
98,98,0,32.15,114.65
99,99,0,32.15,114.75
100,100,0,32.15,114.85
101,101,0,32.15,114.95
102,102,0,32.15,115.05
103,103,0,32.15,115.15
104,104,0,32.15,115.25
105,105,0,32.15,115.35
106,106,0,32.15,115.45
107,107,0,32.15,115.55
108,108,0,32.15,115.65
109,109,0,32.15,115.75
110,110,0,32.15,115.85
111,111,0,32.25,113.75
112,112,0,32.25,113.85
113,113,0,32.25,113.95
114,114,0,32.25,114.05
115,115,0,32.25,114.15
116,116,0,32.25,114.25
117,117,0,32.25,114.35
118,118,0,32.25,114.45
119,119,0,32.25,114.55
120,120,0,32.25,114.65
121,121,0,32.25,114.75
122,122,0,32.25,114.85
123,123,0,32.25,114.95
124,124,0,32.25,115.05
125,125,0,32.25,115.15
126,126,0,32.25,115.25
127,127,0,32.25,115.35
128,128,0,32.25,115.45
129,129,0,32.25,115.55
130,130,0,32.25,115.65
131,131,0,32.25,115.75
132,132,0,32.25,115.85
133,133,0,32.35,112.75
134,134,0,32.35,113.35
135,135,0,32.35,113.45
136,136,0,32.35,113.55
137,137,0,32.35,113.75
138,138,0,32.35,113.85
139,139,0,32.35,113.95
140,140,0,32.35,114.05
141,141,0,32.35,114.15
142,142,0,32.35,114.25
143,143,0,32.35,114.35
144,144,0,32.35,114.45
145,145,0,32.35,114.55
146,146,0,32.35,114.65
147,147,0,32.35,114.75
148,148,0,32.35,114.85
149,149,0,32.35,114.95
150,150,0,32.35,115.05
151,151,0,32.35,115.15
152,152,0,32.35,115.25
153,153,0,32.35,115.35
154,154,0,32.35,115.45
155,155,0,32.35,115.55
156,156,0,32.35,115.65
157,157,0,32.35,115.75
158,158,0,32.35,115.85
159,159,0,32.45,112.15
160,160,0,32.45,112.25
161,161,0,32.45,112.35
162,162,0,32.45,112.45
163,163,0,32.45,112.55
164,164,0,32.45,112.65
165,165,0,32.45,112.75
166,166,0,32.45,112.85
167,167,0,32.45,112.95
168,168,0,32.45,113.05
169,169,0,32.45,113.15
170,170,0,32.45,113.25
171,171,0,32.45,113.35
172,172,0,32.45,113.45
173,173,0,32.45,113.55
174,174,0,32.45,113.65
175,175,0,32.45,113.75
176,176,0,32.45,113.85
177,177,0,32.45,113.95
178,178,0,32.45,114.05
179,179,0,32.45,114.15
180,180,0,32.45,114.25
181,181,0,32.45,114.35
182,182,0,32.45,114.45
183,183,0,32.45,114.55
184,184,0,32.45,114.65
185,185,0,32.45,114.75
186,186,0,32.45,114.85
187,187,0,32.45,114.95
188,188,0,32.45,115.05
189,189,0,32.45,115.15
190,190,0,32.45,115.25
191,191,0,32.45,115.35
192,192,0,32.45,115.45
193,193,0,32.45,115.75
194,194,0,32.45,115.85
195,195,0,32.55,111.85
196,196,0,32.55,111.95
197,197,0,32.55,112.05
198,198,0,32.55,112.15
199,199,0,32.55,112.25
200,200,0,32.55,112.35
201,201,0,32.55,112.45
202,202,0,32.55,112.55
203,203,0,32.55,112.65
204,204,0,32.55,112.75
205,205,0,32.55,112.85
206,206,0,32.55,112.95
207,207,0,32.55,113.05
208,208,0,32.55,113.15
209,209,0,32.55,113.25
210,210,0,32.55,113.35
211,211,0,32.55,113.45
212,212,0,32.55,113.55
213,213,0,32.55,113.65
214,214,0,32.55,113.75
215,215,0,32.55,113.85
216,216,0,32.55,113.95
217,217,0,32.55,114.05
218,218,0,32.55,114.15
219,219,0,32.55,114.25
220,220,0,32.55,114.35
221,221,0,32.55,114.45
222,222,0,32.55,114.55
223,223,0,32.55,114.65
224,224,0,32.55,114.75
225,225,0,32.55,114.85
226,226,0,32.55,114.95
227,227,0,32.55,115.05
228,228,0,32.55,115.15
229,229,0,32.55,115.25
230,230,0,32.55,115.35
231,231,0,32.65,111.55
232,232,0,32.65,111.65
233,233,0,32.65,111.75
234,234,0,32.65,111.85
235,235,0,32.65,111.95
236,236,0,32.65,112.05
237,237,0,32.65,112.15
238,238,0,32.65,112.25
239,239,0,32.65,112.35
240,240,0,32.65,112.45
241,241,0,32.65,112.55
242,242,0,32.65,112.65
243,243,0,32.65,112.75
244,244,0,32.65,112.85
245,245,0,32.65,112.95
246,246,0,32.65,113.05
247,247,0,32.65,113.15
248,248,0,32.65,113.25
249,249,0,32.65,113.35
250,250,0,32.65,113.45
251,251,0,32.65,113.55
252,252,0,32.65,113.65
253,253,0,32.65,113.75
254,254,0,32.65,113.85
255,255,0,32.65,113.95
256,256,0,32.65,114.05
257,257,0,32.65,114.15
258,258,0,32.65,114.25
259,259,0,32.65,114.35
260,260,0,32.65,114.45
261,261,0,32.65,114.55
262,262,0,32.65,114.65
263,263,0,32.65,114.75
264,264,0,32.65,114.85
265,265,0,32.65,114.95
266,266,0,32.65,115.05
267,267,0,32.65,115.15
268,268,0,32.75,111.55
269,269,0,32.75,111.65
270,270,0,32.75,111.75
271,271,0,32.75,111.85
272,272,0,32.75,111.95
273,273,0,32.75,112.05
274,274,0,32.75,112.15
275,275,0,32.75,112.25
276,276,0,32.75,112.35
277,277,0,32.75,112.45
278,278,0,32.75,112.55
279,279,0,32.75,112.65
280,280,0,32.75,112.75
281,281,0,32.75,112.85
282,282,0,32.75,112.95
283,283,0,32.75,113.05
284,284,0,32.75,113.15
285,285,0,32.75,113.25
286,286,0,32.75,113.35
287,287,0,32.75,113.45
288,288,0,32.75,113.55
289,289,0,32.75,113.65
290,290,0,32.75,113.75
291,291,0,32.75,113.85
292,292,0,32.75,113.95
293,293,0,32.75,114.05
294,294,0,32.75,114.15
295,295,0,32.75,114.25
296,296,0,32.75,114.35
297,297,0,32.75,114.45
298,298,0,32.75,114.55
299,299,0,32.75,114.65
300,300,0,32.75,114.75
301,301,0,32.75,114.85
302,302,0,32.75,114.95
303,303,0,32.75,115.05
304,304,0,32.75,115.15
305,305,0,32.85,111.35
306,306,0,32.85,111.45
307,307,0,32.85,111.55
308,308,0,32.85,111.65
309,309,0,32.85,111.75
310,310,0,32.85,111.85
311,311,0,32.85,111.95
312,312,0,32.85,112.05
313,313,0,32.85,112.15
314,314,0,32.85,112.25
315,315,0,32.85,112.35
316,316,0,32.85,112.45
317,317,0,32.85,112.55
318,318,0,32.85,112.65
319,319,0,32.85,112.75
320,320,0,32.85,112.85
321,321,0,32.85,112.95
322,322,0,32.85,113.05
323,323,0,32.85,113.15
324,324,0,32.85,113.25
325,325,0,32.85,113.35
326,326,0,32.85,113.45
327,327,0,32.85,113.55
328,328,0,32.85,113.65
329,329,0,32.85,113.75
330,330,0,32.85,113.85
331,331,0,32.85,113.95
332,332,0,32.85,114.05
333,333,0,32.85,114.15
334,334,0,32.85,114.25
335,335,0,32.85,114.35
336,336,0,32.85,114.45
337,337,0,32.85,114.55
338,338,0,32.85,114.65
339,339,0,32.85,114.75
340,340,0,32.85,114.85
341,341,0,32.85,114.95
342,342,0,32.85,115.05
343,343,0,32.85,115.15
344,344,0,32.95,111.25
345,345,0,32.95,111.35
346,346,0,32.95,111.45
347,347,0,32.95,111.55
348,348,0,32.95,111.65
349,349,0,32.95,111.75
350,350,0,32.95,111.85
351,351,0,32.95,111.95
352,352,0,32.95,112.05
353,353,0,32.95,112.15
354,354,0,32.95,112.25
355,355,0,32.95,112.35
356,356,0,32.95,112.45
357,357,0,32.95,112.55
358,358,0,32.95,112.65
359,359,0,32.95,112.75
360,360,0,32.95,112.85
361,361,0,32.95,112.95
362,362,0,32.95,113.05
363,363,0,32.95,113.15
364,364,0,32.95,113.25
365,365,0,32.95,113.35
366,366,0,32.95,113.45
367,367,0,32.95,113.55
368,368,0,32.95,113.65
369,369,0,32.95,113.75
370,370,0,32.95,113.85
371,371,0,32.95,113.95
372,372,0,32.95,114.05
373,373,0,32.95,114.15
374,374,0,32.95,114.25
375,375,0,32.95,114.35
376,376,0,32.95,114.45
377,377,0,32.95,114.55
378,378,0,32.95,114.65
379,379,0,32.95,114.75
380,380,0,32.95,114.85
381,381,0,33.05,111.15
382,382,0,33.05,111.25
383,383,0,33.05,111.35
384,384,0,33.05,111.45
385,385,0,33.05,111.55
386,386,0,33.05,111.65
387,387,0,33.05,111.75
388,388,0,33.05,111.85
389,389,0,33.05,111.95
390,390,0,33.05,112.05
391,391,0,33.05,112.15
392,392,0,33.05,112.25
393,393,0,33.05,112.35
394,394,0,33.05,112.45
395,395,0,33.05,112.55
396,396,0,33.05,112.65
397,397,0,33.05,112.75
398,398,0,33.05,112.85
399,399,0,33.05,112.95
400,400,0,33.05,113.05
401,401,0,33.05,113.15
402,402,0,33.05,113.25
403,403,0,33.05,113.35
404,404,0,33.05,113.45
405,405,0,33.05,113.55
406,406,0,33.05,113.65
407,407,0,33.05,113.75
408,408,0,33.05,113.85
409,409,0,33.05,113.95
410,410,0,33.05,114.05
411,411,0,33.05,114.15
412,412,0,33.05,114.25
413,413,0,33.05,114.35
414,414,0,33.05,114.45
415,415,0,33.05,114.55
416,416,0,33.05,114.65
417,417,0,33.05,114.75
418,418,0,33.05,114.85
419,419,0,33.15,111.15
420,420,0,33.15,111.25
421,421,0,33.15,111.35
422,422,0,33.15,111.45
423,423,0,33.15,111.55
424,424,0,33.15,111.65
425,425,0,33.15,111.75
426,426,0,33.15,111.85
427,427,0,33.15,111.95
428,428,0,33.15,112.05
429,429,0,33.15,112.15
430,430,0,33.15,112.25
431,431,0,33.15,112.35
432,432,0,33.15,112.45
433,433,0,33.15,112.55
434,434,0,33.15,112.65
435,435,0,33.15,112.75
436,436,0,33.15,112.85
437,437,0,33.15,112.95
438,438,0,33.15,113.05
439,439,0,33.15,113.15
440,440,0,33.15,113.25
441,441,0,33.15,113.35
442,442,0,33.15,113.45
443,443,0,33.15,113.55
444,444,0,33.15,113.65
445,445,0,33.15,113.75
446,446,0,33.15,113.85
447,447,0,33.15,113.95
448,448,0,33.15,114.05
449,449,0,33.15,114.15
450,450,0,33.15,114.25
451,451,0,33.15,114.35
452,452,0,33.15,114.45
453,453,0,33.15,114.55
454,454,0,33.15,114.65
455,455,0,33.15,114.75
456,456,0,33.15,114.85
457,457,0,33.15,115.05
458,458,0,33.15,115.15
459,459,0,33.15,115.25
460,460,0,33.25,111.05
461,461,0,33.25,111.15
462,462,0,33.25,111.25
463,463,0,33.25,111.35
464,464,0,33.25,111.45
465,465,0,33.25,111.55
466,466,0,33.25,111.65
467,467,0,33.25,111.75
468,468,0,33.25,111.85
469,469,0,33.25,111.95
470,470,0,33.25,112.05
471,471,0,33.25,112.15
472,472,0,33.25,112.25
473,473,0,33.25,112.35
474,474,0,33.25,112.45
475,475,0,33.25,112.55
476,476,0,33.25,112.65
477,477,0,33.25,112.75
478,478,0,33.25,112.85
479,479,0,33.25,112.95
480,480,0,33.25,113.05
481,481,0,33.25,113.15
482,482,0,33.25,113.25
483,483,0,33.25,113.35
484,484,0,33.25,113.45
485,485,0,33.25,113.55
486,486,0,33.25,113.65
487,487,0,33.25,113.75
488,488,0,33.25,113.85
489,489,0,33.25,113.95
490,490,0,33.25,114.05
491,491,0,33.25,114.15
492,492,0,33.25,114.25
493,493,0,33.25,114.35
494,494,0,33.25,114.45
495,495,0,33.25,114.55
496,496,0,33.25,114.65
497,497,0,33.25,114.75
498,498,0,33.25,114.85
499,499,0,33.25,114.95
500,500,0,33.25,115.05
501,501,0,33.25,115.15
502,502,0,33.25,115.25
503,503,0,33.35,111.05
504,504,0,33.35,111.15
505,505,0,33.35,111.25
506,506,0,33.35,111.35
507,507,0,33.35,111.45
508,508,0,33.35,111.55
509,509,0,33.35,111.65
510,510,0,33.35,111.75
511,511,0,33.35,111.85
512,512,0,33.35,111.95
513,513,0,33.35,112.05
514,514,0,33.35,112.15
515,515,0,33.35,112.25
516,516,0,33.35,112.35
517,517,0,33.35,112.45
518,518,0,33.35,112.55
519,519,0,33.35,112.65
520,520,0,33.35,112.75
521,521,0,33.35,112.85
522,522,0,33.35,112.95
523,523,0,33.35,113.05
524,524,0,33.35,113.15
525,525,0,33.35,113.25
526,526,0,33.35,113.35
527,527,0,33.35,113.45
528,528,0,33.35,113.55
529,529,0,33.35,113.65
530,530,0,33.35,113.75
531,531,0,33.35,113.85
532,532,0,33.35,113.95
533,533,0,33.35,114.05
534,534,0,33.35,114.15
535,535,0,33.35,114.25
536,536,0,33.35,114.35
537,537,0,33.35,114.45
538,538,0,33.35,114.55
539,539,0,33.35,114.65
540,540,0,33.35,114.75
541,541,0,33.35,114.85
542,542,0,33.35,114.95
543,543,0,33.35,115.05
544,544,0,33.35,115.15
545,545,0,33.35,115.25
546,546,0,33.45,111.05
547,547,0,33.45,111.15
548,548,0,33.45,111.25
549,549,0,33.45,111.35
550,550,0,33.45,111.45
551,551,0,33.45,111.55
552,552,0,33.45,111.65
553,553,0,33.45,111.75
554,554,0,33.45,111.85
555,555,0,33.45,111.95
556,556,0,33.45,112.05
557,557,0,33.45,112.15
558,558,0,33.45,112.25
559,559,0,33.45,112.35
560,560,0,33.45,112.45
561,561,0,33.45,112.55
562,562,0,33.45,112.65
563,563,0,33.45,112.75
564,564,0,33.45,112.85
565,565,0,33.45,112.95
566,566,0,33.45,113.05
567,567,0,33.45,113.15
568,568,0,33.45,113.25
569,569,0,33.45,113.35
570,570,0,33.45,113.45
571,571,0,33.45,113.55
572,572,0,33.45,113.65
573,573,0,33.45,113.75
574,574,0,33.45,113.85
575,575,0,33.45,113.95
576,576,0,33.45,114.05
577,577,0,33.45,114.15
578,578,0,33.45,114.25
579,579,0,33.45,114.35
580,580,0,33.45,114.45
581,581,0,33.45,114.55
582,582,0,33.45,114.65
583,583,0,33.45,114.75
584,584,0,33.45,114.85
585,585,0,33.45,114.95
586,586,0,33.45,115.05
587,587,0,33.45,115.15
588,588,0,33.45,115.25
589,589,0,33.55,111.05
590,590,0,33.55,111.15
591,591,0,33.55,111.25
592,592,0,33.55,111.35
593,593,0,33.55,111.45
594,594,0,33.55,111.55
595,595,0,33.55,111.65
596,596,0,33.55,111.75
597,597,0,33.55,111.85
598,598,0,33.55,111.95
599,599,0,33.55,112.05
600,600,0,33.55,112.15
601,601,0,33.55,112.25
602,602,0,33.55,112.35
603,603,0,33.55,112.45
604,604,0,33.55,112.55
605,605,0,33.55,112.65
606,606,0,33.55,112.75
607,607,0,33.55,112.85
608,608,0,33.55,112.95
609,609,0,33.55,113.05
610,610,0,33.55,113.15
611,611,0,33.55,113.25
612,612,0,33.55,113.35
613,613,0,33.55,113.45
614,614,0,33.55,113.55
615,615,0,33.55,113.65
616,616,0,33.55,113.75
617,617,0,33.55,113.85
618,618,0,33.55,113.95
619,619,0,33.55,114.05
620,620,0,33.55,114.15
621,621,0,33.55,114.25
622,622,0,33.55,114.35
623,623,0,33.55,114.45
624,624,0,33.55,114.55
625,625,0,33.55,114.65
626,626,0,33.55,114.75
627,627,0,33.55,114.85
628,628,0,33.55,114.95
629,629,0,33.55,115.05
630,630,0,33.55,115.15
631,631,0,33.55,115.25
632,632,0,33.55,115.35
633,633,0,33.65,110.95
634,634,0,33.65,111.05
635,635,0,33.65,111.15
636,636,0,33.65,111.25
637,637,0,33.65,111.35
638,638,0,33.65,111.45
639,639,0,33.65,111.55
640,640,0,33.65,111.65
641,641,0,33.65,111.75
642,642,0,33.65,111.85
643,643,0,33.65,111.95
644,644,0,33.65,112.05
645,645,0,33.65,112.15
646,646,0,33.65,112.25
647,647,0,33.65,112.35
648,648,0,33.65,112.45
649,649,0,33.65,112.55
650,650,0,33.65,112.65
651,651,0,33.65,112.75
652,652,0,33.65,112.85
653,653,0,33.65,112.95
654,654,0,33.65,113.05
655,655,0,33.65,113.15
656,656,0,33.65,113.25
657,657,0,33.65,113.35
658,658,0,33.65,113.45
659,659,0,33.65,113.55
660,660,0,33.65,113.65
661,661,0,33.65,113.75
662,662,0,33.65,113.85
663,663,0,33.65,113.95
664,664,0,33.65,114.05
665,665,0,33.65,114.15
666,666,0,33.65,114.25
667,667,0,33.65,114.35
668,668,0,33.65,114.45
669,669,0,33.65,114.55
670,670,0,33.65,114.65
671,671,0,33.65,114.75
672,672,0,33.65,114.85
673,673,0,33.65,114.95
674,674,0,33.65,115.05
675,675,0,33.65,115.15
676,676,0,33.65,115.25
677,677,0,33.65,115.35
678,678,0,33.65,115.45
679,679,0,33.65,115.55
680,680,0,33.75,110.85
681,681,0,33.75,110.95
682,682,0,33.75,111.05
683,683,0,33.75,111.15
684,684,0,33.75,111.25
685,685,0,33.75,111.35
686,686,0,33.75,111.45
687,687,0,33.75,111.55
688,688,0,33.75,111.65
689,689,0,33.75,111.75
690,690,0,33.75,111.85
691,691,0,33.75,111.95
692,692,0,33.75,112.05
693,693,0,33.75,112.15
694,694,0,33.75,112.25
695,695,0,33.75,112.35
696,696,0,33.75,112.45
697,697,0,33.75,112.55
698,698,0,33.75,112.65
699,699,0,33.75,112.75
700,700,0,33.75,112.85
701,701,0,33.75,112.95
702,702,0,33.75,113.05
703,703,0,33.75,113.15
704,704,0,33.75,113.25
705,705,0,33.75,113.35
706,706,0,33.75,113.45
707,707,0,33.75,113.55
708,708,0,33.75,113.65
709,709,0,33.75,113.75
710,710,0,33.75,113.85
711,711,0,33.75,113.95
712,712,0,33.75,114.05
713,713,0,33.75,114.15
714,714,0,33.75,114.25
715,715,0,33.75,114.35
716,716,0,33.75,114.45
717,717,0,33.75,114.55
718,718,0,33.75,114.65
719,719,0,33.75,114.75
720,720,0,33.75,114.85
721,721,0,33.75,114.95
722,722,0,33.75,115.05
723,723,0,33.75,115.15
724,724,0,33.75,115.25
725,725,0,33.75,115.35
726,726,0,33.75,115.45
727,727,0,33.75,115.55
728,728,0,33.75,116.15
729,729,0,33.75,116.25
730,730,0,33.85,110.75
731,731,0,33.85,110.85
732,732,0,33.85,110.95
733,733,0,33.85,111.05
734,734,0,33.85,111.15
735,735,0,33.85,111.25
736,736,0,33.85,111.35
737,737,0,33.85,111.45
738,738,0,33.85,111.55
739,739,0,33.85,111.65
740,740,0,33.85,111.75
741,741,0,33.85,111.85
742,742,0,33.85,111.95
743,743,0,33.85,112.05
744,744,0,33.85,112.15
745,745,0,33.85,112.25
746,746,0,33.85,112.35
747,747,0,33.85,112.45
748,748,0,33.85,112.55
749,749,0,33.85,112.65
750,750,0,33.85,112.75
751,751,0,33.85,112.85
752,752,0,33.85,112.95
753,753,0,33.85,113.05
754,754,0,33.85,113.15
755,755,0,33.85,113.25
756,756,0,33.85,113.35
757,757,0,33.85,113.45
758,758,0,33.85,113.55
759,759,0,33.85,113.65
760,760,0,33.85,113.75
761,761,0,33.85,113.85
762,762,0,33.85,113.95
763,763,0,33.85,114.05
764,764,0,33.85,114.15
765,765,0,33.85,114.25
766,766,0,33.85,114.35
767,767,0,33.85,114.45
768,768,0,33.85,114.55
769,769,0,33.85,114.65
770,770,0,33.85,114.75
771,771,0,33.85,114.85
772,772,0,33.85,114.95
773,773,0,33.85,115.05
774,774,0,33.85,115.15
775,775,0,33.85,115.25
776,776,0,33.85,115.35
777,777,0,33.85,115.45
778,778,0,33.85,115.55
779,779,0,33.85,116.15
780,780,0,33.85,116.25
781,781,0,33.85,116.35
782,782,0,33.95,110.75
783,783,0,33.95,110.85
784,784,0,33.95,110.95
785,785,0,33.95,111.05
786,786,0,33.95,111.15
787,787,0,33.95,111.25
788,788,0,33.95,111.35
789,789,0,33.95,111.45
790,790,0,33.95,111.55
791,791,0,33.95,111.65
792,792,0,33.95,111.75
793,793,0,33.95,111.85
794,794,0,33.95,111.95
795,795,0,33.95,112.05
796,796,0,33.95,112.15
797,797,0,33.95,112.25
798,798,0,33.95,112.35
799,799,0,33.95,112.45
800,800,0,33.95,112.55
801,801,0,33.95,112.65
802,802,0,33.95,112.75
803,803,0,33.95,112.85
804,804,0,33.95,112.95
805,805,0,33.95,113.05
806,806,0,33.95,113.15
807,807,0,33.95,113.25
808,808,0,33.95,113.35
809,809,0,33.95,113.45
810,810,0,33.95,113.55
811,811,0,33.95,113.65
812,812,0,33.95,113.75
813,813,0,33.95,113.85
814,814,0,33.95,113.95
815,815,0,33.95,114.05
816,816,0,33.95,114.15
817,817,0,33.95,114.25
818,818,0,33.95,114.35
819,819,0,33.95,114.45
820,820,0,33.95,114.55
821,821,0,33.95,114.65
822,822,0,33.95,114.75
823,823,0,33.95,114.85
824,824,0,33.95,114.95
825,825,0,33.95,115.05
826,826,0,33.95,115.15
827,827,0,33.95,115.25
828,828,0,33.95,115.35
829,829,0,33.95,115.45
830,830,0,33.95,115.55
831,831,0,33.95,116.05
832,832,0,33.95,116.15
833,833,0,33.95,116.25
834,834,0,33.95,116.35
835,835,0,33.95,116.45
836,836,0,33.95,116.55
837,837,0,34.05,110.65
838,838,0,34.05,110.75
839,839,0,34.05,110.85
840,840,0,34.05,110.95
841,841,0,34.05,111.05
842,842,0,34.05,111.15
843,843,0,34.05,111.25
844,844,0,34.05,111.35
845,845,0,34.05,111.45
846,846,0,34.05,111.55
847,847,0,34.05,111.65
848,848,0,34.05,111.75
849,849,0,34.05,111.85
850,850,0,34.05,111.95
851,851,0,34.05,112.05
852,852,0,34.05,112.15
853,853,0,34.05,112.25
854,854,0,34.05,112.35
855,855,0,34.05,112.45
856,856,0,34.05,112.55
857,857,0,34.05,112.65
858,858,0,34.05,112.75
859,859,0,34.05,112.85
860,860,0,34.05,112.95
861,861,0,34.05,113.05
862,862,0,34.05,113.15
863,863,0,34.05,113.25
864,864,0,34.05,113.35
865,865,0,34.05,113.45
866,866,0,34.05,113.55
867,867,0,34.05,113.65
868,868,0,34.05,113.75
869,869,0,34.05,113.85
870,870,0,34.05,113.95
871,871,0,34.05,114.05
872,872,0,34.05,114.15
873,873,0,34.05,114.25
874,874,0,34.05,114.35
875,875,0,34.05,114.45
876,876,0,34.05,114.55
877,877,0,34.05,114.65
878,878,0,34.05,114.75
879,879,0,34.05,114.85
880,880,0,34.05,114.95
881,881,0,34.05,115.05
882,882,0,34.05,115.15
883,883,0,34.05,115.25
884,884,0,34.05,115.35
885,885,0,34.05,115.45
886,886,0,34.05,115.55
887,887,0,34.05,115.85
888,888,0,34.05,115.95
889,889,0,34.05,116.05
890,890,0,34.05,116.15
891,891,0,34.05,116.25
892,892,0,34.05,116.35
893,893,0,34.05,116.45
894,894,0,34.05,116.55
895,895,0,34.15,110.65
896,896,0,34.15,110.75
897,897,0,34.15,110.85
898,898,0,34.15,110.95
899,899,0,34.15,111.05
900,900,0,34.15,111.15
901,901,0,34.15,111.25
902,902,0,34.15,111.35
903,903,0,34.15,111.45
904,904,0,34.15,111.55
905,905,0,34.15,111.65
906,906,0,34.15,111.75
907,907,0,34.15,111.85
908,908,0,34.15,111.95
909,909,0,34.15,112.05
910,910,0,34.15,112.15
911,911,0,34.15,112.25
912,912,0,34.15,112.35
913,913,0,34.15,112.45
914,914,0,34.15,112.55
915,915,0,34.15,112.65
916,916,0,34.15,112.75
917,917,0,34.15,112.85
918,918,0,34.15,112.95
919,919,0,34.15,113.05
920,920,0,34.15,113.15
921,921,0,34.15,113.25
922,922,0,34.15,113.35
923,923,0,34.15,113.45
924,924,0,34.15,113.55
925,925,0,34.15,113.65
926,926,0,34.15,113.75
927,927,0,34.15,113.85
928,928,0,34.15,113.95
929,929,0,34.15,114.05
930,930,0,34.15,114.15
931,931,0,34.15,114.25
932,932,0,34.15,114.35
933,933,0,34.15,114.45
934,934,0,34.15,114.55
935,935,0,34.15,114.65
936,936,0,34.15,114.75
937,937,0,34.15,114.85
938,938,0,34.15,114.95
939,939,0,34.15,115.05
940,940,0,34.15,115.15
941,941,0,34.15,115.25
942,942,0,34.15,115.35
943,943,0,34.15,115.45
944,944,0,34.15,115.55
945,945,0,34.15,115.65
946,946,0,34.15,115.75
947,947,0,34.15,115.85
948,948,0,34.15,115.95
949,949,0,34.15,116.05
950,950,0,34.15,116.15
951,951,0,34.15,116.25
952,952,0,34.15,116.35
953,953,0,34.15,116.45
954,954,0,34.25,110.45
955,955,0,34.25,110.55
956,956,0,34.25,110.65
957,957,0,34.25,110.75
958,958,0,34.25,110.85
959,959,0,34.25,110.95
960,960,0,34.25,111.05
961,961,0,34.25,111.15
962,962,0,34.25,111.25
963,963,0,34.25,111.35
964,964,0,34.25,111.45
965,965,0,34.25,111.55
966,966,0,34.25,111.65
967,967,0,34.25,111.75
968,968,0,34.25,111.85
969,969,0,34.25,111.95
970,970,0,34.25,112.05
971,971,0,34.25,112.15
972,972,0,34.25,112.25
973,973,0,34.25,112.35
974,974,0,34.25,112.45
975,975,0,34.25,112.55
976,976,0,34.25,112.65
977,977,0,34.25,112.75
978,978,0,34.25,112.85
979,979,0,34.25,112.95
980,980,0,34.25,113.05
981,981,0,34.25,113.15
982,982,0,34.25,113.25
983,983,0,34.25,113.35
984,984,0,34.25,113.45
985,985,0,34.25,113.55
986,986,0,34.25,113.65
987,987,0,34.25,113.75
988,988,0,34.25,113.85
989,989,0,34.25,113.95
990,990,0,34.25,114.05
991,991,0,34.25,114.15
992,992,0,34.25,114.25
993,993,0,34.25,114.35
994,994,0,34.25,114.45
995,995,0,34.25,114.55
996,996,0,34.25,114.65
997,997,0,34.25,114.75
998,998,0,34.25,114.85
999,999,0,34.25,114.95
1000,1000,0,34.25,115.05
1001,1001,0,34.25,115.15
1002,1002,0,34.25,115.25
1003,1003,0,34.25,115.35
1004,1004,0,34.25,115.45
1005,1005,0,34.25,115.55
1006,1006,0,34.25,115.65
1007,1007,0,34.25,115.75
1008,1008,0,34.25,115.85
1009,1009,0,34.25,115.95
1010,1010,0,34.25,116.05
1011,1011,0,34.25,116.15
1012,1012,0,34.25,116.25
1013,1013,0,34.25,116.35
1014,1014,0,34.25,116.45
1015,1015,0,34.25,116.55
1016,1016,0,34.35,110.55
1017,1017,0,34.35,110.65
1018,1018,0,34.35,110.75
1019,1019,0,34.35,110.85
1020,1020,0,34.35,110.95
1021,1021,0,34.35,111.05
1022,1022,0,34.35,111.15
1023,1023,0,34.35,111.25
1024,1024,0,34.35,111.35
1025,1025,0,34.35,111.45
1026,1026,0,34.35,111.55
1027,1027,0,34.35,111.65
1028,1028,0,34.35,111.75
1029,1029,0,34.35,111.85
1030,1030,0,34.35,111.95
1031,1031,0,34.35,112.05
1032,1032,0,34.35,112.15
1033,1033,0,34.35,112.25
1034,1034,0,34.35,112.35
1035,1035,0,34.35,112.45
1036,1036,0,34.35,112.55
1037,1037,0,34.35,112.65
1038,1038,0,34.35,112.75
1039,1039,0,34.35,112.85
1040,1040,0,34.35,112.95
1041,1041,0,34.35,113.05
1042,1042,0,34.35,113.15
1043,1043,0,34.35,113.25
1044,1044,0,34.35,113.35
1045,1045,0,34.35,113.45
1046,1046,0,34.35,113.55
1047,1047,0,34.35,113.65
1048,1048,0,34.35,113.75
1049,1049,0,34.35,113.85
1050,1050,0,34.35,113.95
1051,1051,0,34.35,114.05
1052,1052,0,34.35,114.15
1053,1053,0,34.35,114.25
1054,1054,0,34.35,114.35
1055,1055,0,34.35,114.45
1056,1056,0,34.35,114.55
1057,1057,0,34.35,114.65
1058,1058,0,34.35,114.75
1059,1059,0,34.35,114.85
1060,1060,0,34.35,114.95
1061,1061,0,34.35,115.05
1062,1062,0,34.35,115.15
1063,1063,0,34.35,115.25
1064,1064,0,34.35,115.35
1065,1065,0,34.35,115.45
1066,1066,0,34.35,115.55
1067,1067,0,34.35,115.65
1068,1068,0,34.35,115.75
1069,1069,0,34.35,115.85
1070,1070,0,34.35,115.95
1071,1071,0,34.35,116.05
1072,1072,0,34.35,116.15
1073,1073,0,34.35,116.25
1074,1074,0,34.45,110.45
1075,1075,0,34.45,110.55
1076,1076,0,34.45,110.65
1077,1077,0,34.45,110.75
1078,1078,0,34.45,110.85
1079,1079,0,34.45,110.95
1080,1080,0,34.45,111.05
1081,1081,0,34.45,111.15
1082,1082,0,34.45,111.25
1083,1083,0,34.45,111.35
1084,1084,0,34.45,111.45
1085,1085,0,34.45,111.55
1086,1086,0,34.45,111.65
1087,1087,0,34.45,111.75
1088,1088,0,34.45,111.85
1089,1089,0,34.45,111.95
1090,1090,0,34.45,112.05
1091,1091,0,34.45,112.15
1092,1092,0,34.45,112.25
1093,1093,0,34.45,112.35
1094,1094,0,34.45,112.45
1095,1095,0,34.45,112.55
1096,1096,0,34.45,112.65
1097,1097,0,34.45,112.75
1098,1098,0,34.45,112.85
1099,1099,0,34.45,112.95
1100,1100,0,34.45,113.05
1101,1101,0,34.45,113.15
1102,1102,0,34.45,113.25
1103,1103,0,34.45,113.35
1104,1104,0,34.45,113.45
1105,1105,0,34.45,113.55
1106,1106,0,34.45,113.65
1107,1107,0,34.45,113.75
1108,1108,0,34.45,113.85
1109,1109,0,34.45,113.95
1110,1110,0,34.45,114.05
1111,1111,0,34.45,114.15
1112,1112,0,34.45,114.25
1113,1113,0,34.45,114.35
1114,1114,0,34.45,114.45
1115,1115,0,34.45,114.55
1116,1116,0,34.45,114.65
1117,1117,0,34.45,114.75
1118,1118,0,34.45,114.85
1119,1119,0,34.45,114.95
1120,1120,0,34.45,115.05
1121,1121,0,34.45,115.15
1122,1122,0,34.45,115.25
1123,1123,0,34.45,115.35
1124,1124,0,34.45,115.45
1125,1125,0,34.45,115.55
1126,1126,0,34.45,115.65
1127,1127,0,34.45,115.75
1128,1128,0,34.45,115.85
1129,1129,0,34.45,115.95
1130,1130,0,34.45,116.05
1131,1131,0,34.45,116.15
1132,1132,0,34.55,110.45
1133,1133,0,34.55,110.55
1134,1134,0,34.55,110.65
1135,1135,0,34.55,110.75
1136,1136,0,34.55,110.85
1137,1137,0,34.55,110.95
1138,1138,0,34.55,111.05
1139,1139,0,34.55,111.15
1140,1140,0,34.55,111.25
1141,1141,0,34.55,111.35
1142,1142,0,34.55,111.45
1143,1143,0,34.55,111.55
1144,1144,0,34.55,111.65
1145,1145,0,34.55,111.75
1146,1146,0,34.55,111.85
1147,1147,0,34.55,111.95
1148,1148,0,34.55,112.05
1149,1149,0,34.55,112.15
1150,1150,0,34.55,112.25
1151,1151,0,34.55,112.35
1152,1152,0,34.55,112.45
1153,1153,0,34.55,112.55
1154,1154,0,34.55,112.65
1155,1155,0,34.55,112.75
1156,1156,0,34.55,112.85
1157,1157,0,34.55,112.95
1158,1158,0,34.55,113.05
1159,1159,0,34.55,113.15
1160,1160,0,34.55,113.25
1161,1161,0,34.55,113.35
1162,1162,0,34.55,113.45
1163,1163,0,34.55,113.55
1164,1164,0,34.55,113.65
1165,1165,0,34.55,113.75
1166,1166,0,34.55,113.85
1167,1167,0,34.55,113.95
1168,1168,0,34.55,114.05
1169,1169,0,34.55,114.15
1170,1170,0,34.55,114.25
1171,1171,0,34.55,114.35
1172,1172,0,34.55,114.45
1173,1173,0,34.55,114.55
1174,1174,0,34.55,114.65
1175,1175,0,34.55,114.75
1176,1176,0,34.55,114.85
1177,1177,0,34.55,114.95
1178,1178,0,34.55,115.05
1179,1179,0,34.55,115.15
1180,1180,0,34.55,115.25
1181,1181,0,34.55,115.35
1182,1182,0,34.55,115.45
1183,1183,0,34.55,115.55
1184,1184,0,34.55,115.65
1185,1185,0,34.55,115.75
1186,1186,0,34.55,115.85
1187,1187,0,34.55,115.95
1188,1188,0,34.55,116.05
1189,1189,0,34.55,116.15
1190,1190,0,34.65,110.75
1191,1191,0,34.65,110.95
1192,1192,0,34.65,111.05
1193,1193,0,34.65,111.15
1194,1194,0,34.65,111.25
1195,1195,0,34.65,111.35
1196,1196,0,34.65,111.45
1197,1197,0,34.65,111.55
1198,1198,0,34.65,111.65
1199,1199,0,34.65,111.75
1200,1200,0,34.65,111.85
1201,1201,0,34.65,111.95
1202,1202,0,34.65,112.05
1203,1203,0,34.65,112.15
1204,1204,0,34.65,112.25
1205,1205,0,34.65,112.35
1206,1206,0,34.65,112.45
1207,1207,0,34.65,112.55
1208,1208,0,34.65,112.65
1209,1209,0,34.65,112.75
1210,1210,0,34.65,112.85
1211,1211,0,34.65,112.95
1212,1212,0,34.65,113.05
1213,1213,0,34.65,113.15
1214,1214,0,34.65,113.25
1215,1215,0,34.65,113.35
1216,1216,0,34.65,113.45
1217,1217,0,34.65,113.55
1218,1218,0,34.65,113.65
1219,1219,0,34.65,113.75
1220,1220,0,34.65,113.85
1221,1221,0,34.65,113.95
1222,1222,0,34.65,114.05
1223,1223,0,34.65,114.15
1224,1224,0,34.65,114.25
1225,1225,0,34.65,114.35
1226,1226,0,34.65,114.45
1227,1227,0,34.65,114.55
1228,1228,0,34.65,114.65
1229,1229,0,34.65,114.75
1230,1230,0,34.65,114.85
1231,1231,0,34.65,114.95
1232,1232,0,34.65,115.05
1233,1233,0,34.65,115.15
1234,1234,0,34.65,115.25
1235,1235,0,34.65,115.35
1236,1236,0,34.65,115.45
1237,1237,0,34.75,111.05
1238,1238,0,34.75,111.15
1239,1239,0,34.75,111.25
1240,1240,0,34.75,111.35
1241,1241,0,34.75,111.45
1242,1242,0,34.75,111.55
1243,1243,0,34.75,111.65
1244,1244,0,34.75,111.75
1245,1245,0,34.75,111.85
1246,1246,0,34.75,111.95
1247,1247,0,34.75,112.05
1248,1248,0,34.75,112.15
1249,1249,0,34.75,112.25
1250,1250,0,34.75,112.35
1251,1251,0,34.75,112.45
1252,1252,0,34.75,112.55
1253,1253,0,34.75,112.65
1254,1254,0,34.75,112.75
1255,1255,0,34.75,112.85
1256,1256,0,34.75,112.95
1257,1257,0,34.75,113.05
1258,1258,0,34.75,113.15
1259,1259,0,34.75,113.25
1260,1260,0,34.75,113.35
1261,1261,0,34.75,113.45
1262,1262,0,34.75,113.55
1263,1263,0,34.75,113.65
1264,1264,0,34.75,113.75
1265,1265,0,34.75,113.85
1266,1266,0,34.75,113.95
1267,1267,0,34.75,114.05
1268,1268,0,34.75,114.15
1269,1269,0,34.75,114.25
1270,1270,0,34.75,114.35
1271,1271,0,34.75,114.45
1272,1272,0,34.75,114.55
1273,1273,0,34.75,114.65
1274,1274,0,34.75,114.75
1275,1275,0,34.75,114.85
1276,1276,0,34.75,114.95
1277,1277,0,34.75,115.05
1278,1278,0,34.75,115.15
1279,1279,0,34.75,115.25
1280,1280,0,34.75,115.35
1281,1281,0,34.85,111.55
1282,1282,0,34.85,111.65
1283,1283,0,34.85,111.75
1284,1284,0,34.85,111.85
1285,1285,0,34.85,111.95
1286,1286,0,34.85,112.05
1287,1287,0,34.85,112.15
1288,1288,0,34.85,112.25
1289,1289,0,34.85,112.35
1290,1290,0,34.85,112.45
1291,1291,0,34.85,112.55
1292,1292,0,34.85,112.65
1293,1293,0,34.85,112.75
1294,1294,0,34.85,112.85
1295,1295,0,34.85,112.95
1296,1296,0,34.85,113.05
1297,1297,0,34.85,113.15
1298,1298,0,34.85,113.25
1299,1299,0,34.85,113.35
1300,1300,0,34.85,113.45
1301,1301,0,34.85,113.55
1302,1302,0,34.85,113.65
1303,1303,0,34.85,113.75
1304,1304,0,34.85,113.85
1305,1305,0,34.85,113.95
1306,1306,0,34.85,114.05
1307,1307,0,34.85,114.15
1308,1308,0,34.85,114.25
1309,1309,0,34.85,114.35
1310,1310,0,34.85,114.45
1311,1311,0,34.85,114.55
1312,1312,0,34.85,114.65
1313,1313,0,34.85,114.75
1314,1314,0,34.85,114.85
1315,1315,0,34.85,114.95
1316,1316,0,34.85,115.05
1317,1317,0,34.85,115.15
1318,1318,0,34.95,111.75
1319,1319,0,34.95,111.85
1320,1320,0,34.95,111.95
1321,1321,0,34.95,112.05
1322,1322,0,34.95,112.15
1323,1323,0,34.95,112.25
1324,1324,0,34.95,112.35
1325,1325,0,34.95,112.45
1326,1326,0,34.95,112.55
1327,1327,0,34.95,112.65
1328,1328,0,34.95,112.75
1329,1329,0,34.95,112.85
1330,1330,0,34.95,112.95
1331,1331,0,34.95,113.05
1332,1332,0,34.95,113.15
1333,1333,0,34.95,113.25
1334,1334,0,34.95,113.35
1335,1335,0,34.95,113.45
1336,1336,0,34.95,113.55
1337,1337,0,34.95,113.65
1338,1338,0,34.95,113.75
1339,1339,0,34.95,113.85
1340,1340,0,34.95,113.95
1341,1341,0,34.95,114.05
1342,1342,0,34.95,114.15
1343,1343,0,34.95,114.25
1344,1344,0,34.95,114.35
1345,1345,0,34.95,114.45
1346,1346,0,34.95,114.55
1347,1347,0,34.95,114.65
1348,1348,0,34.95,114.75
1349,1349,0,34.95,114.85
1350,1350,0,34.95,114.95
1351,1351,0,34.95,115.05
1352,1352,0,34.95,115.15
1353,1353,0,35.05,111.85
1354,1354,0,35.05,111.95
1355,1355,0,35.05,112.15
1356,1356,0,35.05,112.25
1357,1357,0,35.05,112.35
1358,1358,0,35.05,112.45
1359,1359,0,35.05,112.55
1360,1360,0,35.05,112.65
1361,1361,0,35.05,112.75
1362,1362,0,35.05,112.85
1363,1363,0,35.05,112.95
1364,1364,0,35.05,113.05
1365,1365,0,35.05,113.15
1366,1366,0,35.05,113.25
1367,1367,0,35.05,113.35
1368,1368,0,35.05,113.45
1369,1369,0,35.05,113.55
1370,1370,0,35.05,113.65
1371,1371,0,35.05,113.75
1372,1372,0,35.05,113.85
1373,1373,0,35.05,113.95
1374,1374,0,35.05,114.05
1375,1375,0,35.05,114.15
1376,1376,0,35.05,114.25
1377,1377,0,35.05,114.35
1378,1378,0,35.05,114.45
1379,1379,0,35.05,114.55
1380,1380,0,35.05,114.65
1381,1381,0,35.05,114.75
1382,1382,0,35.15,112.15
1383,1383,0,35.15,112.25
1384,1384,0,35.15,112.35
1385,1385,0,35.15,112.45
1386,1386,0,35.15,112.55
1387,1387,0,35.15,112.65
1388,1388,0,35.15,112.75
1389,1389,0,35.15,112.85
1390,1390,0,35.15,112.95
1391,1391,0,35.15,113.05
1392,1392,0,35.15,113.15
1393,1393,0,35.15,113.25
1394,1394,0,35.15,113.35
1395,1395,0,35.15,113.45
1396,1396,0,35.15,113.55
1397,1397,0,35.15,113.65
1398,1398,0,35.15,113.75
1399,1399,0,35.15,113.85
1400,1400,0,35.15,113.95
1401,1401,0,35.15,114.05
1402,1402,0,35.15,114.15
1403,1403,0,35.15,114.25
1404,1404,0,35.15,114.35
1405,1405,0,35.15,114.45
1406,1406,0,35.15,114.55
1407,1407,0,35.15,114.65
1408,1408,0,35.15,114.75
1409,1409,0,35.25,112.15
1410,1410,0,35.25,112.85
1411,1411,0,35.25,112.95
1412,1412,0,35.25,113.05
1413,1413,0,35.25,113.15
1414,1414,0,35.25,113.25
1415,1415,0,35.25,113.35
1416,1416,0,35.25,113.45
1417,1417,0,35.25,113.55
1418,1418,0,35.25,113.65
1419,1419,0,35.25,113.75
1420,1420,0,35.25,113.85
1421,1421,0,35.25,113.95
1422,1422,0,35.25,114.05
1423,1423,0,35.25,114.15
1424,1424,0,35.25,114.25
1425,1425,0,35.25,114.35
1426,1426,0,35.25,114.45
1427,1427,0,35.25,114.55
1428,1428,0,35.25,114.65
1429,1429,0,35.25,114.75
1430,1430,0,35.25,114.85
1431,1431,0,35.35,113.05
1432,1432,0,35.35,113.15
1433,1433,0,35.35,113.25
1434,1434,0,35.35,113.35
1435,1435,0,35.35,113.45
1436,1436,0,35.35,113.55
1437,1437,0,35.35,113.65
1438,1438,0,35.35,113.75
1439,1439,0,35.35,113.85
1440,1440,0,35.35,113.95
1441,1441,0,35.35,114.05
1442,1442,0,35.35,114.15
1443,1443,0,35.35,114.25
1444,1444,0,35.35,114.35
1445,1445,0,35.35,114.45
1446,1446,0,35.35,114.55
1447,1447,0,35.35,114.65
1448,1448,0,35.35,114.75
1449,1449,0,35.35,114.85
1450,1450,0,35.35,114.95
1451,1451,0,35.45,113.35
1452,1452,0,35.45,113.45
1453,1453,0,35.45,113.55
1454,1454,0,35.45,113.65
1455,1455,0,35.45,113.75
1456,1456,0,35.45,113.85
1457,1457,0,35.45,113.95
1458,1458,0,35.45,114.05
1459,1459,0,35.45,114.15
1460,1460,0,35.45,114.25
1461,1461,0,35.45,114.35
1462,1462,0,35.45,114.45
1463,1463,0,35.45,114.55
1464,1464,0,35.45,114.65
1465,1465,0,35.45,114.75
1466,1466,0,35.45,114.85
1467,1467,0,35.45,114.95
1468,1468,0,35.45,115.05
1469,1469,0,35.45,115.15
1470,1470,0,35.45,115.25
1471,1471,0,35.55,113.55
1472,1472,0,35.55,113.65
1473,1473,0,35.55,113.75
1474,1474,0,35.55,113.85
1475,1475,0,35.55,113.95
1476,1476,0,35.55,114.05
1477,1477,0,35.55,114.15
1478,1478,0,35.55,114.25
1479,1479,0,35.55,114.35
1480,1480,0,35.55,114.45
1481,1481,0,35.55,114.55
1482,1482,0,35.55,114.65
1483,1483,0,35.55,114.75
1484,1484,0,35.55,114.85
1485,1485,0,35.55,114.95
1486,1486,0,35.55,115.05
1487,1487,0,35.55,115.15
1488,1488,0,35.55,115.25
1489,1489,0,35.65,113.55
1490,1490,0,35.65,113.65
1491,1491,0,35.65,113.75
1492,1492,0,35.65,113.85
1493,1493,0,35.65,113.95
1494,1494,0,35.65,114.05
1495,1495,0,35.65,114.15
1496,1496,0,35.65,114.25
1497,1497,0,35.65,114.35
1498,1498,0,35.65,114.45
1499,1499,0,35.65,114.55
1500,1500,0,35.65,114.65
1501,1501,0,35.65,114.75
1502,1502,0,35.65,114.85
1503,1503,0,35.65,114.95
1504,1504,0,35.65,115.05
1505,1505,0,35.65,115.15
1506,1506,0,35.65,115.25
1507,1507,0,35.65,115.35
1508,1508,0,35.75,113.65
1509,1509,0,35.75,113.75
1510,1510,0,35.75,113.85
1511,1511,0,35.75,113.95
1512,1512,0,35.75,114.05
1513,1513,0,35.75,114.15
1514,1514,0,35.75,114.25
1515,1515,0,35.75,114.35
1516,1516,0,35.75,114.45
1517,1517,0,35.75,114.55
1518,1518,0,35.75,114.65
1519,1519,0,35.75,114.75
1520,1520,0,35.75,114.85
1521,1521,0,35.75,114.95
1522,1522,0,35.75,115.05
1523,1523,0,35.75,115.15
1524,1524,0,35.75,115.25
1525,1525,0,35.75,115.35
1526,1526,0,35.75,115.45
1527,1527,0,35.75,115.55
1528,1528,0,35.75,115.65
1529,1529,0,35.85,113.75
1530,1530,0,35.85,113.85
1531,1531,0,35.85,113.95
1532,1532,0,35.85,114.05
1533,1533,0,35.85,114.15
1534,1534,0,35.85,114.25
1535,1535,0,35.85,114.35
1536,1536,0,35.85,114.45
1537,1537,0,35.85,114.55
1538,1538,0,35.85,114.65
1539,1539,0,35.85,114.75
1540,1540,0,35.85,114.85
1541,1541,0,35.85,114.95
1542,1542,0,35.85,115.05
1543,1543,0,35.85,115.15
1544,1544,0,35.85,115.25
1545,1545,0,35.85,115.45
1546,1546,0,35.85,115.55
1547,1547,0,35.85,115.65
1548,1548,0,35.85,115.75
1549,1549,0,35.95,113.65
1550,1550,0,35.95,113.75
1551,1551,0,35.95,113.85
1552,1552,0,35.95,113.95
1553,1553,0,35.95,114.05
1554,1554,0,35.95,114.15
1555,1555,0,35.95,114.25
1556,1556,0,35.95,114.35
1557,1557,0,35.95,114.45
1558,1558,0,35.95,114.55
1559,1559,0,35.95,114.65
1560,1560,0,35.95,114.75
1561,1561,0,35.95,114.85
1562,1562,0,35.95,114.95
1563,1563,0,35.95,115.05
1564,1564,0,35.95,115.15
1565,1565,0,35.95,115.25
1566,1566,0,35.95,115.35
1567,1567,0,35.95,115.75
1568,1568,0,35.95,115.85
1569,1569,0,36.05,113.75
1570,1570,0,36.05,113.85
1571,1571,0,36.05,113.95
1572,1572,0,36.05,114.05
1573,1573,0,36.05,114.15
1574,1574,0,36.05,114.25
1575,1575,0,36.05,114.35
1576,1576,0,36.05,114.45
1577,1577,0,36.05,114.55
1578,1578,0,36.05,114.65
1579,1579,0,36.05,114.75
1580,1580,0,36.05,114.85
1581,1581,0,36.05,114.95
1582,1582,0,36.05,115.05
1583,1583,0,36.05,115.15
1584,1584,0,36.05,115.25
1585,1585,0,36.05,115.35
1586,1586,0,36.05,116.05
1587,1587,0,36.15,113.75
1588,1588,0,36.15,113.85
1589,1589,0,36.15,113.95
1590,1590,0,36.15,114.05
1591,1591,0,36.15,114.15
1592,1592,0,36.15,114.25
1593,1593,0,36.15,114.35
1594,1594,0,36.15,114.45
1595,1595,0,36.15,114.55
1596,1596,0,36.15,115.05
1597,1597,0,36.15,115.15
1598,1598,0,36.15,115.25
1599,1599,0,36.15,115.45
1600,1600,0,36.25,113.75
1601,1601,0,36.25,113.85
1602,1602,0,36.25,113.95
1603,1603,0,36.25,114.05
1604,1604,0,36.25,114.15
1605,1605,0,36.25,114.25
1606,1606,0,36.35,113.75
1607,1607,0,36.35,113.85
